0,9.44893029256968,12.2528167438073,15.0640749597204,11.1875718575865,10.090562182441,1.02494545415967,10.3460644961465,13.6510614991296,4.97052981102693,8.40562147216307,7.48879634197889,10.283458112538,2.79336670855481,14.4157330920796,9.55804786766662,12.6200169150489,8.79954355851286,10.8103901543458,6.33168873309968,7.92779977071644,12.0167402506669,9.31658151849053,15.1579851283237,11.0052786502756,15.7736936971983,13.7158420888731,11.3283865088744,13.5719272794019,8.21487741174775,3.56396011173925,17.5521737984518,5.57660586886931,4.20848681172775,10.4239595837034,5.17604731359206,11.7608473055265,0.946020710808904,6.98605766704339,0.656276144732375,12.0838521070046,16.8616350342714,9.77526558271055,9.80120858082572,10.2889278609734,5.62124371081742,5.3718892275764,11.6758859798186,10.4696457912103,8.10511458811251,10.4902411949874,4.69071348328965,1.02172773880903,15.4215019748078,11.9190426794488,16.3712707046753,10.9762303307686,6.37066659562813,11.8460533144342,5.79289293777745,10.6357794626576,12.3046445427105,18.8143672004163,6.3560579481315,16.1668965696995,17.8041371082627,15.6614254810158,5.52247723069126,6.80257357185709,10.5397245245622,9.17874749600845,10.7211492104584,16.940664324453,7.75359092805525,7.86252295832796,3.48655923147546,6.89939889435944,3.08829208508851,8.71073285760902,10.1667499954317,10.7288052143457,6.61607874566891,16.8905907545078,12.496683711579,10.5802831502609,9.74714525634247,10.2545681221465,7.09330734616454,8.01722996501365,7.11045257747967,7.41897351256428,10.8756310676865,11.3082482439526,13.4820141526844,11.3946459628869,14.4182966152862,3.40591440899265,10.9788634921699,9.59057802620921,16.1536159092772
9.44893029256968,0,10.0736691219549,3.99012092965618,11.6240947462015,7.1839848982123,1.6589844372455,9.88478156613564,8.41448741830097,3.20629428402985,9.06420827445865,9.32070281460115,2.83637993770654,3.55852285877574,9.49843533183534,12.0206581935223,11.1103328839554,9.79489222383109,15.1028201124787,10.8213228021042,12.6557140830739,10.3266863189534,5.10456884999138,6.38367303227323,15.928353159695,16.2306985820302,10.4549660154904,16.0729829851898,6.28735200989403,13.4068686598621,11.0825736377173,16.6308108195122,2.35211103779675,9.32633129401532,14.0501780521308,3.51213044081976,9.92703878063805,3.79025076701251,11.446872010868,9.94583166795105,10.5839836428707,9.92340960982903,4.0511269715857,12.6200203753507,4.83179067707743,10.1979750975954,13.7562577686532,14.5651055218146,7.99154321967374,6.51914144467517,5.43694445890344,6.41230372455089,14.9060130041808,15.1064350737469,5.11424989050939,10.9834540859377,2.60531664979062,6.44896924857354,7.45239939647792,8.86998806391309,8.42979601654487,4.22095950105346,9.92643386860291,14.9918336303941,14.7226994483087,3.99886137732226,10.9494886561901,13.8251083465587,16.2871941370545,15.2216229718151,6.3325068105428,12.4598127012884,11.5705411237956,17.7646980173923,8.21451243238591,3.23834994081376,7.78204681483042,6.30902409663685,14.8102885628155,4.38976226410657,10.2195218990896,11.1573135896752,12.4813486696083,10.6200484183819,16.1174315919661,11.6873735809752,8.47045587286775,10.3008884232676,7.14152233725717,8.03895065905425,2.2525670798923,4.88209765954897,12.8063751285879,7.23892933746527,5.09414671316881,6.60974279742428,5.36756316552301,3.94712171591857,2.91602195187843,7.85351708345788
12.2528167438073,10.0736691219549,0,13.6483981823183,4.14566648727212,5.6828248424403,9.2400122673147,11.4517442796005,10.4505843239857,5.73189666937656,5.40929595162286,15.4319027175451,16.4893922118726,11.373591623382,4.2607176578808,14.3483189232001,14.9531504271325,15.243094585667,3.53943283552086,5.95741916827446,9.60173840873318,6.30346983016156,11.02594623107,3.24839039264274,14.2771172168181,13.9955181579452,4.79651766961684,6.72700659530737,10.9599309970249,7.47397446569321,11.5869759920626,3.59895929403426,15.5906376581627,8.34767269327574,7.88762724403441,9.49910782541188,9.31470419931613,15.2374521193486,11.9863112396211,3.00784772172758,8.0562241297805,8.48982506790543,11.2145268556806,12.9478490825988,15.3521415238407,9.16218245005021,8.61910228899783,11.9887531290407,9.88356508623148,9.29556043922176,3.95861865907033,12.2698548530987,12.2482741979777,11.207075966317,5.87373259497046,6.38041313981047,8.81557580109603,12.1415295149284,12.0235086423894,15.9324107169635,10.7182097743912,12.9771708522668,6.80219196719032,5.50298088963951,14.0182564832763,13.1247662069979,18.9701774904483,12.2059273045062,6.9738231293992,14.3213978372963,2.78695054101811,10.1527563262553,6.86587836034398,15.8173605650349,13.6119281664641,8.88200912244762,14.883762915394,5.50503641470829,16.737421986073,12.3116241175058,7.23108506140703,13.1630559003452,10.5659642973683,6.96728071763879,13.7509391097768,11.827861454463,6.26803753772315,10.5734805761437,3.42098181003583,10.636784431344,10.5194014029276,9.37508903210723,16.403107906368,7.93170524036539,18.4250152621876,8.45765435305657,7.71900319585899,11.5392226633277,14.9589313385251,8.12743599286228
15.0640749597204,3.99012092965618,13.6483981823183,0,4.53526135372401,9.83081513515851,9.11984571505208,11.0405510912099,19.1303793359494,12.1929028250301,12.9283365081762,8.62215780604913,9.86839135596799,5.75324236573479,9.38882992346031,9.36102831261422,4.45443031216368,7.09621462160652,10.6618761217158,9.22315927718488,10.8545055527334,8.04788402709755,16.3139575350753,8.14065656927664,2.08835840980696,16.5057064697409,13.6040129000729,12.3907569828962,9.04897136682672,2.47347468037621,10.2546511499742,10.3303132170362,9.73730328665806,12.8514847875957,4.08933558129884,4.0417159907607,12.7686228502663,5.12509423475088,9.69764641690817,12.7236763920934,5.47375029281683,9.07523880652424,2.66267658092297,12.3960575073973,11.7947570748701,7.42406326251848,15.4021917087261,9.50628764614793,16.8157361699903,7.38821709990976,12.9907507824891,14.4052852569096,19.1879635017557,12.6538483892719,8.33094500230418,15.9325223110666,7.33027327333081,12.2359897189997,6.77974992062166,7.0379318600019,14.3332551588863,7.27089477088462,8.44921719266079,8.46130340459922,11.0336011648971,5.18842478315757,16.8797742912457,9.27445933210041,10.8294434334144,11.8926889181989,7.60702179210787,16.6103248670846,17.2178193825729,11.849757336914,14.0104859304116,2.55456244115345,13.2022962456349,11.6268511894187,8.99315716571057,4.72930274848683,12.8902274530441,12.578339925632,10.8634729929953,13.6435133940159,3.24476433797873,14.2044182909504,9.79243263362358,13.6532341471076,11.2554743035521,18.5186439195884,12.9220388939328,7.64486418460266,11.6626389292032,6.45554781627887,16.2179529200657,4.8852541749602,4.71681426271029,9.30466022448763,15.7069035653636,14.2792660437708
11.1875718575865,11.6240947462015,4.14566648727212,4.53526135372401,0,10.1690128142172,17.2937173602844,6.83916607504492,4.71503088130139,9.04977525994344,8.30622598023257,10.5648083188011,17.4540874155056,8.03553228049091,12.7981617031214,11.9287213907064,12.4334410942349,7.31533981445149,10.9796957435722,2.53335469898376,8.02486070037554,12.6868979741889,1.38016530588642,15.5699436276224,16.133287497338,2.78646233532151,6.89517886226084,5.25862144868874,10.4106518492806,14.7956383281342,16.1850083091816,1.75560160068158,10.2644278525281,4.6137428925789,7.03997718985081,18.2830834138677,2.14659040537461,15.6406127074338,8.88749012830215,17.5204147059086,3.79672281737242,14.3384223053279,4.36929328819429,7.13676215241548,12.4835044447029,8.62274891976545,9.33091207675995,18.6128576547003,7.62644055431785,6.46976805088352,16.5184973404779,10.1170867559458,11.4320173822103,7.15426474735749,7.77457847481507,18.5048771322792,12.6998903151805,14.7619560700066,15.9586326476729,9.6275318871632,9.12299226904743,14.7920980666266,15.2340582262559,11.6309526829724,14.5899503242101,7.78723901511688,10.4795269777705,3.59433108895061,9.4059721682406,2.89992977938914,12.1513787002134,12.4837539335914,2.03938259560481,6.33163448052599,5.65530791560238,4.83514962369206,3.38263478542705,11.4197860500322,3.40102717323648,12.4879919532536,8.79007858710132,9.79576156407547,15.9431644314356,8.34778790512359,0.325200945500511,2.86447800382293,12.0213865352525,9.81021471831276,8.84981770996427,11.3928092085949,5.91795626080697,4.22312800895607,7.9137391353109,14.7480389297495,13.2678108595836,12.1843123058309,9.90011854500164,3.82462242489159,3.40263275317075,15.3755635762964
10.090562182441,7.1839848982123,5.6828248424403,9.83081513515851,10.1690128142172,0,5.06764516738744,5.08270967758815,6.57367802454089,12.4252815540953,12.1828908326857,14.7862262711793,3.01503597901137,11.3388500232031,7.74112360082835,13.6969932397153,12.7577026959766,19.5724378891604,2.48644147480258,9.97689012447242,9.66546916979334,17.63475280394,7.63285603768356,9.94911109958748,21.0660162125282,24.2972870593621,25.8341056294451,26.9261417801677,4.73751453748517,4.67293400917868,10.6915173058493,13.7000172731668,3.18197836850259,9.47130536466138,6.31392507506394,6.90088706345892,7.47108648252686,18.6706532040485,24.749697219142,14.8882866764819,21.3212491122209,16.5816854505031,11.7841717314489,15.2595794690971,8.68751794546391,8.0428462712192,4.11879222753095,10.0859527447438,5.89913413859735,1.96767844835838,20.5177364537752,23.547327514898,16.4612535413207,21.4299054107121,4.81982542998426,1.2634698778034,13.6784980742922,2.70618003121355,10.5277160329019,6.24807087540832,12.5557094865597,12.8218211634085,9.60689016204434,17.4052250025057,12.0568538392094,12.860069322562,2.7081795619076,25.7196028015921,11.6129787416043,7.97687166670142,15.4861287252311,13.2626467741136,10.6294489568618,2.87922594587401,7.46912283440885,12.2667064714262,3.4851833856766,5.70309909049573,12.7414967740324,10.1805038584309,8.7806218780538,14.1407548182526,7.69737646056911,29.918872724971,9.55290214972822,9.11125782043828,16.4355042264214,17.404464508045,9.29077213004558,8.52332859456828,11.6885731006821,14.9444897833334,11.929054538518,13.6766139240878,10.4198331307506,11.489154050277,12.7597572069819,8.37865848592577,9.13178966991372,14.3786585892594
1.02494545415967,1.6589844372455,9.2400122673147,9.11984571505208,17.2937173602844,5.06764516738744,0,11.0352834133081,9.82162746858174,7.61851749615712,4.58985398339515,6.83332578102661,6.9375400294779,15.450234369619,12.5809499908492,11.8243228160902,13.8209945167436,11.9975912895318,13.6119785101898,2.52985259732873,17.8525394037959,6.50387757764892,12.0862804329684,11.0723893035292,9.85370341731901,17.6177148665094,13.8070263966552,5.05486743764803,3.74125011798897,5.91325324675699,5.77353179464175,5.83341388449789,6.42101420392998,6.16581725685751,12.0222714754703,9.92710090295172,16.2055764321072,11.8842267173353,1.19106758857854,14.9669253629797,10.5532108660746,12.5399881645462,11.5987175025394,11.3602777231767,15.5128682072297,15.7544990007857,10.6842241696525,5.92223331344995,9.87270153260958,12.1122059276542,15.9757817577738,10.6266740409354,11.9292114160633,15.9354612696872,6.89693263948554,10.8939015642675,2.66644523992642,3.26694505136227,9.71596199960756,3.01018712633921,2.99294067882666,5.72206361814423,6.30968617715405,6.17255074037103,1.53852505220326,9.02833816515547,12.1685284590771,6.91239744468402,8.63592267524887,5.10100082944838,6.31332722829164,7.42171219278642,9.97736810818596,12.2956598734483,7.61519479763503,6.81511498473523,9.2223418850607,9.36300240679784,15.2060427020239,12.2942684995194,12.9171993447353,6.03903119754777,6.96586309066198,10.9352458174731,3.80864728823444,12.2256124093791,7.36053459601154,5.53042922162028,13.6782334514389,11.5929177971377,6.08479515953198,11.3193032992909,12.3939877926744,3.75618421696307,3.8197781785064,6.01749970176863,11.4455963045669,14.387428965772,7.90271132892669,9.6022313352641
10.3460644961465,9.88478156613564,11.4517442796005,11.0405510912099,6.83916607504492,5.08270967758815,11.0352834133081,0,14.3402489730185,12.9166764802648,16.4625176443879,5.10577962161657,13.2079789050191,9.79735167335734,16.4661204464197,7.10371251581719,6.7913205374659,16.3430606036968,10.7895311733803,9.71730485052555,8.81242001402918,20.4149074431466,7.80056711298183,10.5520630522737,19.3735402495803,11.5389953092112,19.873590462534,8.13900403905063,9.12876287194912,14.2801193710759,3.61871757812021,26.4649673391242,3.07560149477028,2.29827647479607,12.6886415334982,18.1625627056667,9.89341418235948,14.4276217319449,20.3571130685031,12.4767691929282,24.816524615341,10.3214407973358,1.73615791920134,3.49161621551738,11.2929393731201,15.9959988521352,9.23589934941617,10.9699228651498,13.9577679974436,3.43888618577548,7.11667009068045,8.20040829626296,7.60451730031104,24.5870379019388,26.6082738851786,15.3731051063593,11.0332877077769,7.9483084545273,14.9727718976899,10.3016202044309,7.61121598124464,5.46070017537,10.0310784526158,15.6665907796313,11.876598074941,7.78828280556019,3.62748983159091,12.1423434299319,8.4001465580823,16.5583900897254,12.9413908908429,13.1901928129497,13.7572956728891,4.47535575372215,7.70568746607038,12.8258179019261,11.0487533102904,5.53361104696691,11.4051514582828,8.24155054593606,13.5078824625726,13.3037066744493,11.2231449101059,23.1439057643878,11.9435664432563,5.99882534566045,6.41300280719756,4.72260643334765,10.2796760258105,9.66026384165315,8.04512979222025,11.9098234372553,11.88913116141,8.07108277663093,4.89627075523901,18.5616293527049,12.4280186983747,12.1732150336004,7.51701424126166,8.72439912831252
13.6510614991296,8.41448741830097,10.4505843239857,19.1303793359494,4.71503088130139,6.57367802454089,9.82162746858174,14.3402489730185,0,7.83803812238352,1.88055623500805,13.3419891975216,8.17162681001637,9.37804868443267,15.9714240352199,4.7365721506455,13.643180226637,11.9163244670012,12.8572484246015,8.53953221493588,10.8113998358388,7.83179552227306,13.2033134945461,6.90719437052436,15.8177713166867,14.5855864303191,9.1994702622948,5.45280272035621,19.0798326325857,15.645779914811,9.07549688005312,3.71012904122331,11.6773465553919,16.0572674019749,10.8512122442373,5.62915604911951,14.3109842917583,11.5061169010221,14.7806826451349,16.8266119525973,14.6232708317156,7.77636406597019,9.83418990676362,8.02159517050846,6.62590843613395,10.1435151186611,6.41704249585365,10.5635738552786,7.40769849536917,9.53389677257885,12.0073429410221,6.41658990303536,12.4053681326257,11.6001065520646,15.3509293525819,4.02103203194741,16.0114892877976,11.950998309625,18.2204280141065,10.6412719676332,11.0461641999678,14.1615072360589,18.3089905166313,10.5367553688731,5.38789958083043,12.6451221529264,6.80162093164818,12.6978687652498,10.8831237528476,3.55908985834716,2.09712425163362,10.0524341703572,15.2608829313677,12.1460975053403,5.11447943236366,6.29976482525738,3.21807265438757,5.35743134748206,10.9261488394836,15.337318828694,8.47673147359001,5.59336385391161,10.2712272755815,6.69748082232645,5.13552698348055,6.14561429169429,12.7367557351292,14.7504324189592,8.59133743866604,2.96746454696799,6.28353899124013,6.8383253692929,11.7275888939589,10.7543299066082,3.66528234915341,8.90619090919029,16.7993888175332,3.46975453981422,11.0174933109346,18.5338441195647
4.97052981102693,3.20629428402985,5.73189666937656,12.1929028250301,9.04977525994344,12.4252815540953,7.61851749615712,12.9166764802648,7.83803812238352,0,11.2301748061054,15.1751660184035,14.2390649594006,8.90098840292054,9.74931872280592,16.5408141175632,14.8710434449579,14.4826548951292,12.5829711830512,17.1991598545432,14.2502192274032,14.8739465378072,5.63295278983641,6.01372419157285,14.5887459811,8.85162495970644,18.6403818342851,15.8292031497279,10.0144270047545,17.0204605345021,12.5816752087149,8.49289036832502,5.68506860203398,18.218339909442,12.2150565388483,12.0196894463133,17.0161887314327,14.9341369524842,12.6969960209299,10.9397658044295,7.75201095744133,6.71401351528495,10.6173617454009,1.67004347776806,9.26474411984082,13.7063378685979,9.85174407601248,3.2870858754562,7.54829884649793,10.8334060472195,17.0511465816225,10.9294256312509,15.3486574556072,10.052530660832,6.85389972310657,12.964370958614,3.33134697012267,11.1053808978226,14.0399592413423,4.41875226061639,7.60008008679719,10.1181169534381,13.7662630926926,11.2996543427985,8.1470762912189,4.65558624185084,6.77086758315915,4.49582213651406,13.0890800768023,17.3827478745177,10.6456787654687,4.1116669635758,15.2034760290696,11.2991664177475,12.1600448073188,9.9644409565694,9.76128488490053,11.5802288219977,9.56024089019254,7.10889778049139,6.99206344631138,12.1067204786869,10.9392742461579,13.8138015451763,12.285951919319,8.92982145115208,12.4469334882885,4.13759255489615,8.17062151652901,4.05219869612095,6.25361557621728,8.37917929855946,9.33200873511723,7.17433133793491,15.2421625618331,7.02178333974745,7.47799855852051,12.3166270756177,10.4060434544403,9.19229635053194
8.40562147216307,9.06420827445865,5.40929595162286,12.9283365081762,8.30622598023257,12.1828908326857,4.58985398339515,16.4625176443879,1.88055623500805,11.2301748061054,0,7.37826674103228,12.2420794978957,16.4965447206136,5.84070790007655,6.35287184798683,12.9303376203833,8.66822434651973,12.0149049217757,2.38390853267465,12.1899900155888,8.96029506789538,9.8958849005366,4.06605536959491,12.2049287902399,9.5209905625691,13.9451611028261,16.966306246432,18.1452083706141,3.20505416970105,10.1813546712927,9.55592059451481,12.188230460864,7.00245206733513,11.182464394534,10.205658666946,9.35769106366296,14.9401056570138,10.8586384952325,5.63913978040883,4.22814247470085,14.0882196233951,6.94140992165318,13.0174437634727,11.6428015512644,8.41692460724478,10.9388445942341,12.6089711037666,13.1652749747917,9.02802826026691,12.4145241441612,3.72224554369122,7.74073956271089,2.08900250045772,18.9036724162908,10.3026276721189,11.1513442733451,5.98358124858499,13.0148410012487,1.98946090484841,6.63271878866618,5.86590940705354,5.9377794647663,12.3872806583905,18.424128437227,9.46172879924357,10.3718033983001,8.76741815889141,9.7432686731838,9.58059640954948,2.23281450277078,13.7696129435562,14.3128697627252,8.08725507349204,15.0408884116703,16.5748848923662,10.4062857627287,5.51885370255906,13.8371119640996,9.72281009496129,10.9760532641992,7.45209145087853,6.46301540556558,7.12933634794113,7.7137585744247,0.692166455275577,5.58983241925316,8.82896391595647,5.61895910390169,9.07507254985908,7.15677347185648,18.4168399267452,5.52802329810855,7.85762843542358,5.45602843921054,11.562197319593,6.87108807265677,13.5292418348671,9.56389037646667,14.8065902047182
7.48879634197889,9.32070281460115,15.4319027175451,8.62215780604913,10.5648083188011,14.7862262711793,6.83332578102661,5.10577962161657,13.3419891975216,15.1751660184035,7.37826674103228,0,13.4505640434004,18.5071360668433,8.87606065288193,9.22654474514875,12.7119779111549,16.6777879982285,7.96496401649788,2.31958106055483,12.6311731332734,6.06875883749252,8.26240514214799,13.7107870549388,14.2181856395879,10.1326017020273,7.07992440933566,8.83817906834057,13.4341781767814,4.3305063579093,5.12665233685334,10.7139618199957,11.5128411052977,15.3067514946483,5.80988528729932,13.3583322248878,12.4210268445724,12.2457069422987,8.10245334753412,15.1161640116077,2.03765534697865,7.19198066275197,11.431184749676,11.4731433205965,9.37710963757988,13.50955994463,4.43629409117151,6.24344509440948,13.5129091522112,10.1573844974706,6.18075225607588,11.4082249677476,5.02693649595319,9.75817026376762,12.0467045074604,14.6373831732901,11.6779851390218,11.6412194928117,8.5995335031771,8.51135545131895,15.0409975623684,9.98404466709672,2.09656649398838,10.1545179473666,14.1040561435016,3.90624501439652,7.49926415758071,6.60875667228589,12.8430270457462,7.26638851504275,9.52185036594375,6.34682022885928,9.30782329579945,8.18370357372857,5.83517395927342,15.2786067352355,6.77629224297273,7.34017748634631,13.0816878512604,15.6680406540155,5.05756871531986,7.81274286088331,15.479607495127,6.51336458403001,9.21416562838476,7.21398165479559,11.2615733174485,2.77169269566753,11.0513944435663,1.36356212559541,4.8097755141939,10.2546956484982,6.52471848953201,9.80730671772585,7.08733095728858,15.138722986962,8.91047259446664,6.49913331021806,10.6348008652464,15.0613410291798
10.283458112538,2.83637993770654,16.4893922118726,9.86839135596799,17.4540874155056,3.01503597901137,6.9375400294779,13.2079789050191,8.17162681001637,14.2390649594006,12.2420794978957,13.4505640434004,0,5.64583099169438,19.2319071915277,13.3753169591005,5.89242814882816,4.99320907231603,16.0383124493105,1.0200972482708,3.03617696002614,12.1014442878426,14.6556918542064,18.797342347298,4.97441833999044,10.4555721760344,6.70390313785469,7.66173685998278,12.3582887039569,6.78483315150308,12.1470906624872,12.5340149470514,10.0188572101673,15.8743285151531,15.3099913708568,11.4537554579294,17.7405732707553,6.39906203236585,6.06764881643091,12.7162772912264,12.742507162647,11.3495712380327,16.044951849887,12.3357826006035,11.4926373825265,10.9736440380563,8.73366263208643,11.9143511247873,11.1800621445846,4.55787234668709,11.5016497656643,12.8038668477756,5.21183663664813,5.20229306429926,15.8103887915628,9.77230158029106,8.16541119205699,15.1318865725879,11.1481235073855,5.46027134194392,18.2378340356606,5.36804172780843,11.2545074863985,5.93088257146997,7.21302713397815,4.87303955147664,9.76871879484843,12.2334961687477,11.0338745943832,12.8463128386144,8.54341250636119,13.6181420613589,4.75655374216062,8.17558905847579,13.8644899414257,6.44012264288232,6.64725197601094,5.64116297391523,9.16402789890553,10.7058543356162,11.404149484172,12.2337758407105,14.3086330005641,15.9892209062631,2.76117496843603,8.45948558676739,13.2262124144121,10.3903285985322,19.0361108321583,12.5950567465851,12.1579913084553,10.0480319957266,7.62993166720079,17.1818190637683,8.1237405992466,6.82283759379731,8.73666624445753,4.60901583044433,5.6014487296691,15.6055094749776
2.79336670855481,3.55852285877574,11.373591623382,5.75324236573479,8.03553228049091,11.3388500232031,15.450234369619,9.79735167335734,9.37804868443267,8.90098840292054,16.4965447206136,18.5071360668433,5.64583099169438,0,7.98014691575978,15.615547660423,10.9823024975028,3.83440685407947,6.37496114436284,6.15947169290416,7.69569008139665,6.30122156012504,6.12795299727474,8.75603406191229,9.70632312274911,10.5760432890561,17.3278835887449,11.6247590065332,5.96282378883882,4.7581119507138,7.30857154386445,12.2696171970699,13.4790237703047,11.5650276675141,11.6556581347108,3.745626306858,17.7488759014022,14.0166019861764,14.0017232350903,13.2575422356523,14.883194587611,7.87782160287924,17.4521528018184,10.0300253856288,15.4022971993249,15.9714836503455,8.70393348539641,7.58805290922869,12.0753684341689,12.4861594716192,13.6514132975498,17.6747867103987,4.08042628392305,5.74851639522687,14.3192222057698,4.58150918818372,8.93705377066577,9.47254738564873,17.2095624916601,9.28532504581515,10.5339214527558,15.287993029912,9.58277335789686,4.60316777314784,17.9681544658207,13.1222961455524,7.83779905529733,7.70210536809431,13.6050476227524,9.09065039990623,3.81256055327835,16.8458888314534,2.40288362010904,5.35815402436327,9.48082683931778,13.0264282276502,10.0849902207586,9.05691180417722,13.7967749969455,8.08483287951014,9.13587523211287,7.38621611883718,14.3360971491728,15.6225917508372,12.3671929085338,9.61963810109612,15.7827725053424,13.5769106110171,9.04016814423529,14.2756046137413,11.8731988294056,15.0950053713608,5.11702915060315,12.4912344110524,11.4682594349306,12.6016895196262,7.34421589900883,16.0425131948738,14.904524843702,3.47118157547075
14.4157330920796,9.49843533183534,4.2607176578808,9.38882992346031,12.7981617031214,7.74112360082835,12.5809499908492,16.4661204464197,15.9714240352199,9.74931872280592,5.84070790007655,8.87606065288193,19.2319071915277,7.98014691575978,0,7.62502211261066,4.28900572868608,7.43920276693424,3.44533574289015,1.40527427180437,5.1520834889339,3.92166177079164,9.0608529151107,3.22460526691779,12.0146137309316,13.7716913159222,10.1692562792499,8.21190698481032,12.3069376563113,15.3203828609916,12.5142741502866,2.4262980795752,14.1589270971385,15.3137443355282,3.50169579888094,2.84722711913442,17.6580463266704,11.8512723515976,14.830176899436,3.49801502337618,5.85544325821893,17.1142624881949,10.1989640921186,13.9422861220688,4.41970783083939,10.3541291478652,6.32971984192623,11.0461718242907,5.41832488291587,8.83096017479246,7.99688327808802,8.45444568365588,12.5349332103037,8.87644700493924,9.76112555023289,7.90290036465429,3.67889443898902,4.9574800577288,3.43491004334616,5.1399808585222,8.90161623873518,14.6534151143496,11.5562098800615,11.074045170468,7.54725032337752,6.07079948235173,10.1111737522879,10.5248741988902,11.6692933609916,8.58460610706451,15.160051227415,11.9766910351755,5.502516310178,10.8498173586315,8.55206873659417,9.1331201612177,12.4508762715898,8.40272039077075,13.7971075832738,2.69841603739761,6.05385697992894,15.1456234506215,14.1336367542543,2.25491537433283,5.8244298779322,9.59745137758083,8.96432552541403,7.54504862429438,11.7829461271593,10.390516104221,7.72559724577197,19.2415561028584,8.74663677430044,7.78021690852257,3.55699612988022,12.3265495120775,14.1662281970809,3.04196533193382,9.6013213226471,6.11171048289733
9.55804786766662,12.0206581935223,14.3483189232001,9.36102831261422,11.9287213907064,13.6969932397153,11.8243228160902,7.10371251581719,4.7365721506455,16.5408141175632,6.35287184798683,9.22654474514875,13.3753169591005,15.615547660423,7.62502211261066,0,6.38381350906143,5.83217537214213,6.94343477631487,8.75287407137125,18.5581588104117,8.19480919948375,4.10737157159797,10.979593362514,15.8889980910166,15.3737858445659,3.13380399892877,6.98438320354704,10.9342693110767,6.94196095289765,16.5320019319742,13.4847785926272,18.6954114832509,6.8068501923762,11.8696477571389,11.9073883493053,11.8411363874707,6.03961876500939,12.5069233160928,12.6513744859932,3.29472496950432,7.77694738493924,3.52291467122407,5.60773386482477,15.9358960091505,14.1804382058425,14.5118795664206,11.3950637630276,4.19925451453504,5.39353483978221,3.66014001737294,8.06358366682443,14.0972387227357,13.6682177364463,16.6113344581633,10.6274024405512,9.02084832863288,7.83082337719933,14.8283490958409,7.73037889569913,1.36216950189517,6.27944564671722,14.0092529808797,10.4066773642829,13.8711652974561,7.17430568267878,13.805980498735,10.0144736795034,7.30621250951907,2.01413975455575,14.2771779572449,11.2934688715703,14.3377562747201,11.0921615411178,4.52090366507553,12.3713974011945,12.5314720899761,3.87533957067277,7.83838555167928,6.08298655542177,12.6630188859309,13.6290240674794,6.33733674144498,8.25300504021517,10.9739473943034,12.0926222196984,14.8324326168347,10.9827205799703,11.9696894255148,4.85766626095063,10.5766869561886,15.9883004694764,8.26138406992122,8.865835615148,13.1436009247113,10.4533686365567,10.913783528137,14.2076244833281,16.3414879400221,9.64695804071627
12.6200169150489,11.1103328839554,14.9531504271325,4.45443031216368,12.4334410942349,12.7577026959766,13.8209945167436,6.7913205374659,13.643180226637,14.8710434449579,12.9303376203833,12.7119779111549,5.89242814882816,10.9823024975028,4.28900572868608,6.38381350906143,0,7.00548860316339,2.76847457459167,15.8080519429027,9.57386439943236,12.7837353579374,11.3895493964437,7.77388355973914,17.9508836342108,5.37276139849297,12.6002659565304,9.92868086205032,5.19617335436918,7.49616622523512,12.8011373999776,16.4483801090895,4.02982644003943,3.90848126527398,9.2748018702809,11.3742279379018,8.48620776318206,6.42622837126114,18.0387426753587,11.4459708432911,2.75100817253995,15.3413933950267,10.6143859466773,11.6741838251951,17.4631427090555,12.6030722044869,10.6036124455834,10.898711675637,11.1501220428076,6.81415885988772,4.4824070131398,11.730036160492,8.73013512223439,2.5299647933929,9.89768938611712,15.7337018124254,16.2108625099878,10.0113023849504,7.58828875010201,17.2821958944937,8.24884420232499,10.1126193126183,4.59011400497876,1.57193204060901,12.8540333635724,6.37177704155645,12.9145458142882,10.7521501982307,14.3790119469927,14.3037576360439,16.3539246310114,6.79965423557864,10.0467846705076,13.7828141676451,11.14590783065,3.04645625569016,7.13907152666458,15.521180705114,12.8843100574836,15.614083622649,10.9743219715192,12.8600924178216,2.00743498233544,11.1331651498232,9.89946228893725,5.00622112291989,14.0305900708984,6.11631037743356,15.4699094958709,6.92403257513025,9.52028993258107,8.06252017167366,14.6339051276018,5.1990408875322,7.97883134444991,13.5790699979045,10.0702384019833,7.55874356065136,13.8439433854361,4.89962767814042
8.79954355851286,9.79489222383109,15.243094585667,7.09621462160652,7.31533981445149,19.5724378891604,11.9975912895318,16.3430606036968,11.9163244670012,14.4826548951292,8.66822434651973,16.6777879982285,4.99320907231603,3.83440685407947,7.43920276693424,5.83217537214213,7.00548860316339,0,4.88755970449467,1.16680300925401,8.97805991508365,28.9986485070761,17.2738271298456,8.29976164532098,12.0283647255042,30.0335499538637,24.5780231262232,4.7793856171478,14.3972419117161,4.64214111177316,32.0432844094707,20.3571040353123,10.8015669999151,7.10906258831043,11.5916637698302,10.8175975809722,10.3082239321865,17.5815858210263,8.17230993358948,8.06064415056738,24.0115709433818,2.09686724060688,8.29122233215092,34.3213220108294,5.30023654680174,12.2094802454008,10.0780379121944,3.54630466808025,10.3165476471175,13.7101878342672,8.89451337501693,12.0619910186264,9.56107053596648,21.6663085336789,21.9502605074058,18.3819425918927,13.7805234384922,13.066578754427,8.66511691246884,9.5265504225927,13.0583852580233,4.11862268737323,6.82186697914643,20.3133514135398,3.80828995035455,5.46826533102944,11.2145122694184,23.0978976163138,15.2163721474111,8.7655428689934,11.3096662261175,8.48690496304292,7.63578232196637,8.61410946032581,14.6474973908534,13.2622276525346,2.19359388626993,3.84122378379941,11.1968514082436,11.3023291888633,9.66266433891991,13.045156838901,9.44603123524122,21.4848220330202,18.1485255429998,8.13952233938624,4.59506698105261,4.70317922398748,11.1049983360895,11.4825400012028,14.0486178270182,5.19686798823279,13.3094879518178,7.4143568294814,7.24307583975638,10.5476888501818,13.696300966601,16.3813687570291,10.7891569433669,6.28277588876181
10.8103901543458,15.1028201124787,3.53943283552086,10.6618761217158,10.9796957435722,2.48644147480258,13.6119785101898,10.7895311733803,12.8572484246015,12.5829711830512,12.0149049217757,7.96496401649788,16.0383124493105,6.37496114436284,3.44533574289015,6.94343477631487,2.76847457459167,4.88755970449467,0,10.7956002458198,15.95336741626,10.6440693109314,2.33302167847714,8.80771939022855,3.67960945868929,6.398436245538,12.3453184776487,4.33163435783274,11.1968408832884,19.3175702656304,9.74638659479019,12.2368115992834,3.54685833563212,11.6523543487653,5.51779590900063,12.0272666688671,10.739490685256,12.2822712885549,11.7075837117833,15.8766804442695,8.83791573564932,7.94172585966108,9.22160873816564,13.003796168696,3.653723224661,16.8796494152779,8.75942135237294,8.55914509932516,14.1398847082261,3.57056930024696,12.1311739708446,7.36806116498808,17.483826523305,11.6744214803323,18.2823615415559,3.04579621437717,8.41298982123945,11.3187659195143,11.8925576027072,17.9853678931746,11.7565515118362,11.8254231773882,7.80174851195902,12.0640031973301,10.1066921996403,3.45701866326887,8.34960747681741,16.1918725775488,10.5985695674854,12.7857841219925,14.9216553222387,12.5863191578687,14.5286330784543,12.7819520288858,5.3380680050008,3.00661398335178,12.9946510803491,7.10194345374457,16.7589109254649,8.96358471096806,1.67533885668053,14.0247853125206,8.6264278597167,10.8797167230243,6.94515931165743,10.2069345077501,2.67560018394935,5.2951773588488,11.8510132698821,17.4764966193145,9.63671519887389,9.8373726613834,7.43274219007738,18.396895696972,17.9016477740127,18.813449367695,10.14897611467,6.49504513894485,14.5067542661965,10.8514276863563
6.33168873309968,10.8213228021042,5.95741916827446,9.22315927718488,2.53335469898376,9.97689012447242,2.52985259732873,9.71730485052555,8.53953221493588,17.1991598545432,2.38390853267465,2.31958106055483,1.0200972482708,6.15947169290416,1.40527427180437,8.75287407137125,15.8080519429027,1.16680300925401,10.7956002458198,0,7.4880877270961,11.5805254838119,8.28782140279837,5.59168163983041,8.23201451239534,13.7058251998548,14.1714747668141,11.6570924964138,14.1150231972122,13.6806876784905,11.082651963397,11.9069438748203,11.4014075993899,6.97817212281771,5.19249750033389,19.291746616591,9.18532624402482,13.2561259970503,12.4946847669605,11.6674266416422,6.47612800632901,14.4277954664911,3.74994172457545,12.6388207930071,15.0897068341189,4.08899755063397,3.28336645193389,12.6287456894895,14.3317742229733,13.3897921762511,12.9796028332495,8.50784773454922,12.5820405143907,2.64723798456394,12.7129539922032,6.85624473781955,9.3322340837903,11.7261535225108,11.2623348148422,3.14555639693384,10.8168902021079,8.406537604217,12.062482315034,13.0745201026993,11.1158224363158,9.12608331811805,4.02052339067522,10.4685319048998,7.29030280692521,9.36218761356946,17.1912227582642,12.523017786588,5.66272562361169,14.4586782042072,8.18249024072543,8.63292082663732,7.5846782504161,12.7240218347715,3.47549437112308,1.94644623677215,9.60361381504802,14.0372993153078,17.0661413398306,12.677800129116,12.8132928393601,7.88171671275382,9.13667007039665,8.89474737256919,12.4579485433748,12.6738521020537,9.12979905153551,6.37371742215011,12.9653077252343,4.11990281354141,16.7960399806276,9.03304068680642,11.4996951543712,13.7583764182917,9.00058788852043,10.4624423778454
7.92779977071644,12.6557140830739,9.60173840873318,10.8545055527334,8.02486070037554,9.66546916979334,17.8525394037959,8.81242001402918,10.8113998358388,14.2502192274032,12.1899900155888,12.6311731332734,3.03617696002614,7.69569008139665,5.1520834889339,18.5581588104117,9.57386439943236,8.97805991508365,15.95336741626,7.4880877270961,0,8.62762171641324,10.3258468564439,9.08031244587763,8.392183096022,7.9253852245816,11.2467854235486,9.21333940266832,12.3408531714297,5.18681177569291,10.7739050229344,14.0559957734501,12.3294776006531,1.4184578956784,12.8203110794162,10.4087192601055,13.841506748513,10.1169904953205,8.22368361902461,14.4317641635271,13.1965848081047,8.9708735059082,7.08649217684274,5.61901944539512,11.1231756642099,8.57056458327332,4.19154262461925,13.3248021959168,1.71055067286854,9.64218805648009,7.33830941836147,7.90311623610238,15.8293873916826,12.0554522657326,9.07424933209174,7.50966390848316,4.88886772706454,11.5394244432576,13.0420343189209,4.84526363908461,14.850036435631,16.1124622459397,11.699801002349,4.64544600901871,9.38269536032419,18.0983125920788,9.78756066938575,4.35059546164278,14.7521067710256,5.55319175357617,16.6559314918112,14.5849089846891,9.89943988287976,15.4049941563035,15.8556527223328,15.1567552762223,15.3958990559072,6.76039821303249,8.12556118366046,6.61648984478347,10.3637941824008,2.67490974961751,17.9536573196603,13.3188837794667,11.4230203840442,5.39435595551873,13.1632565457507,8.12660159238545,7.74673206095223,11.7997450967163,2.452364609807,8.9632415499304,10.0550461162245,10.8374740560749,10.6359265647837,14.1077122327165,4.93411585254117,11.546899930777,13.2705036456935,6.99791728670839
12.0167402506669,10.3266863189534,6.30346983016156,8.04788402709755,12.6868979741889,17.63475280394,6.50387757764892,20.4149074431466,7.83179552227306,14.8739465378072,8.96029506789538,6.06875883749252,12.1014442878426,6.30122156012504,3.92166177079164,8.19480919948375,12.7837353579374,28.9986485070761,10.6440693109314,11.5805254838119,8.62762171641324,0,12.782385158406,12.9528234549213,31.6422096781511,2.07386645850103,22.1027927600884,28.727657877926,7.96453611870571,9.00981003776988,8.40609526544383,27.7665818695562,11.1014871540817,0.97206240312791,5.34263483463578,6.18102442113782,9.21714793495563,15.8584218844109,20.9364971796855,12.7032029799296,1.81737507995128,10.5507675214089,13.8604114623572,5.88528715192877,7.59427607011003,4.45800522897118,4.80339015174043,10.0232072342398,7.20962061593911,5.62091775922708,19.9164791024757,14.6621344965421,10.9819457894413,16.4385289682486,22.5137441919479,11.5199528117909,6.59055235086575,10.6496212723121,8.06478206968748,12.3639859067004,3.90389014663043,17.8681896143007,10.0110964762613,26.2698866078383,5.00946131652598,9.53312285245529,17.7420829168459,27.5284123949632,13.7345542385665,5.16813462745296,17.7023449638175,8.60332799144365,4.05682149428046,8.81849534460762,14.5540377851949,18.1610887480168,1.10202588630913,12.8731899764462,17.2904604745421,7.42202335216397,11.3286339798986,10.4395030433347,2.19493681192136,6.68991411773252,9.38903869694409,5.69281265233477,10.7449960548453,7.93284260933528,11.7154190206441,16.3331993106276,15.2280143398358,6.16194278558645,13.5132209729617,7.25257102638963,2.44504986564178,5.49763677293117,7.47283431985337,6.1744896033929,4.02512963470286,6.29281280218869
9.31658151849053,5.10456884999138,11.02594623107,16.3139575350753,1.38016530588642,7.63285603768356,12.0862804329684,7.80056711298183,13.2033134945461,5.63295278983641,9.8958849005366,8.26240514214799,14.6556918542064,6.12795299727474,9.0608529151107,4.10737157159797,11.3895493964437,17.2738271298456,2.33302167847714,8.28782140279837,10.3258468564439,12.782385158406,0,11.3380976699317,11.1781325586615,5.78311103207269,10.682041662594,2.73713840849404,9.05185611431646,15.622886002941,13.866818869171,11.3893398201026,7.9618987277854,11.2443073207501,17.4842246374878,13.8406909139768,18.5485085019768,8.48471287414778,8.91827864124729,7.9619633873663,11.266996127784,4.33237294815542,12.5515100196024,18.5737494825556,11.9859129560998,9.43106920219293,10.161425740751,12.2749687956096,11.0841387303285,5.801203555816,8.30903191687387,9.05530856273325,11.7113961845345,11.1986837149061,11.326527913375,10.3956551239608,9.52629210474915,1.55155218185989,8.86171630827089,4.14402693411621,12.5504284767477,10.4636117356205,14.6630352469242,6.05318337476977,11.9237722826087,13.3160794704796,8.44609965660041,10.9463249785865,11.6285109546352,13.4536294431669,11.4649754823724,12.6417358581484,5.41164166995247,6.22076231253991,13.2751841818819,16.8360625170211,9.79949773859205,5.33727984976391,7.92896967218852,10.3282441644628,13.686286656361,18.5499009960693,12.121548485012,19.8078247457819,10.0154424704227,13.542875605568,5.05921733068748,9.93796698170672,6.4189546584244,14.2952752287639,10.0990800137651,4.25478838791567,2.70740617493729,16.5808825798935,18.0130018190745,13.9851142966811,4.93689591182671,13.2340044471068,10.3083416889194,2.58210354669602
