0,6.67358114571876,10.4147311421658,5.25355061724467,9.69518709428761,10.101068277798,7.89746052904905,7.13775577805379,15.6251835446256,12.4512040071257,11.790544460502,6.30311170663739,9.57062711275427,9.570609207135,12.0987960254659,16.9150180401687,17.7623323019397,10.0725184422285,10.1783231096897,6.82132906462134,9.11738438604083,15.7753661654211,6.36502424988405,3.49503509028705,10.4110040219957,5.81346703271309,12.1984658073063,10.1337870358186,14.9823041666368,13.6420403544477,9.5009719053033,10.7698966684494,17.7198938302806,1.84608876750327,8.03091680928566,10.205910997398,5.45252384930835,4.28203205966937,15.4812023666822,18.4555487010124,10.6092201235231,12.2694996151198,12.5455965352637,8.03459572764191,7.6501524700652,10.7345025611453,11.8032507876167,6.6648130473537,4.2468523088431,5.20957640502965,14.3480856171906,3.03514819046099,10.8126623000981,1.84407825431889,9.59218879459977,12.9761912158678,9.94316237907113,8.80896660498346,8.95462846401452,5.89951238414755,5.81502738850898,11.3322777601123,16.9816737942119,10.2351969666813,15.0480573931654,10.982411435583,12.7140862942337,5.90045812699806,15.9349970750093,8.7592826594514,16.9874363930033,3.18720685646442,16.3562228736559,15.0487877869232,6.16939540290687,10.8536480236488,9.40032930363937,8.82096986072272,8.13861984298024,7.32016632523753,9.45514192574518,7.84576068909345,6.09930745406336,15.3245908390942,11.014652289787,4.03178254553975,1.85177212457074,17.6409880969225,8.92695099392524,15.11590764686,15.367440325141,0.591240551147294,5.56232322980813,4.63824034644693,8.15445541573681,9.71816588717286,7.74382421570063,16.0899570312308,11.008402652289,7.16421536310143
6.67358114571876,0,14.2821624379542,7.9158871818285,12.0402792322897,17.6586680003756,8.29343130266962,11.3380720473575,8.79284821174564,7.49780005302252,13.6067191152581,5.65175370620334,14.7838535710015,11.2999725254729,12.122654200513,5.39819180459432,10.1376610585045,10.1270404774167,12.5170437845168,9.58626485744331,1.8123720225046,11.8576794527589,3.07662504699825,3.22775122465499,9.54048025220434,10.5171174046514,11.2447675109547,5.26730973358693,8.70003141652242,12.0472322582082,6.99876592988454,10.4606076187873,7.97520700814222,12.4396308068007,11.8378180215679,16.62567169456,7.78378585554023,6.46102369242288,8.53602714122665,15.733921909465,14.0089919156969,7.15769674448635,10.6187614102696,2.60673732548807,10.9586840703094,15.5231673721442,15.0006770876337,11.5450055527363,10.5996898966039,14.0268564242298,11.1519129013915,6.16462442525658,4.90246850435998,8.89863040140767,12.8815669667874,12.0406343247216,8.3990655380382,8.2227302947346,9.69800359640294,8.60516148078635,13.3018638269208,11.3722808178298,15.5296364976102,3.17683920552082,11.7637854520352,15.7712863201328,1.88715728419596,9.78924430968453,2.53037449336901,6.32290928443112,7.88689333677363,11.3462197679485,7.37148464429842,9.62142911694023,12.8454835829131,8.51767089482472,16.2511277790433,10.9943353838648,1.64249155586585,10.9304204796381,1.37765704579173,3.53078072106881,15.3066167173699,4.62965919791515,10.9829990680584,14.745623571896,10.6658190929886,8.86650795097865,9.15858830460097,7.19066923948837,10.3612024984704,5.59784327003103,8.94081442641368,12.2090842369898,9.67170308168945,10.306968554151,7.96819728183294,11.4832115395344,12.2317810360154,11.291605534249
10.4147311421658,14.2821624379542,0,5.98003671172117,12.1871263147547,9.73222089328883,10.3464481076319,9.32178096021057,11.9211942539145,5.32616208251274,12.2835712059056,12.8911054652342,12.8669793220675,4.2683429765835,10.5562055234851,2.69256585727961,15.7042389435325,17.0832529081536,12.1555245338888,7.61594322810963,10.3865154383611,9.33144110721816,9.15408884528344,3.19434767244768,2.97154055352561,10.8370937085739,14.1906252550119,1.46577031751318,17.1704296925134,12.2335320648549,11.499248027288,16.3059134349584,13.6649988693906,10.7769820806151,10.6598803216311,2.46455573153686,3.4523234121038,8.59387089740219,5.85157560273799,16.7590267607551,12.3140735535018,10.578227518927,10.8586426232822,6.91590794198658,12.4165548975173,5.62270397499779,7.3371079718094,10.9397208928122,12.7509757013423,6.02003278172687,9.61166049345641,5.52558529671495,13.7950339030079,6.25303689357679,6.43394020762117,4.71094379183379,14.7486738639812,10.8519894261237,15.180567507508,12.6943486471436,13.6901775518427,13.0580922382458,2.97233010292548,8.55205849248919,4.110498762272,3.34415816135939,3.18734016777757,9.68240304626683,9.79554595524158,7.91986679672153,3.17871725675281,4.58945823566329,11.8153393897434,4.79429497202208,13.8183686884696,2.39012768775327,4.6303805540266,11.7736790945378,10.1303878161076,10.1002018561573,18.6117742843429,3.25882882115337,9.94953790517375,2.23825706151221,10.7373435236156,8.0578300216998,9.64168858361653,11.3839646944426,11.6583363240426,6.7051526480244,12.9785900918917,9.64127063754136,5.13808036131476,1.33561867764454,11.825234804314,18.6219161215668,8.56425281846314,9.94090903016435,13.6087904706814,13.1733863465909
5.25355061724467,7.9158871818285,5.98003671172117,0,17.8002781398239,9.77403396546019,9.76476047240747,9.15655183828796,6.3748552493179,11.3570542630602,6.61731420899161,8.68897951473863,11.0416588824122,10.7680214124181,9.89467401312772,10.1122542994662,10.396758134798,3.18709127696323,8.37987112044116,10.0310779846249,2.78378566485596,6.70822180986625,7.50333910572153,4.80616152062588,2.77934319878567,6.12156763486216,12.3228928426775,15.1022323509113,3.64513728404485,7.93246936846004,5.17228014829667,9.02473919048431,9.56998438760428,18.5728331859234,9.18631836051865,11.5909129105007,4.42926866957352,9.3530323058659,7.8307424688659,7.22004218285982,9.84157015120816,4.4586975989643,12.3821749937266,2.7150711853872,7.29016640324593,11.1599118432798,12.4338861931255,8.34687091788052,5.13335530262871,14.7121886568617,11.7354775687467,12.7604282696745,6.37971542589902,6.26373462210592,6.26513821771315,13.8477909029666,7.61450257546567,8.70114857490689,11.9573055138525,14.6150413456787,7.09984057672948,12.2670601884284,16.9444020857862,15.8578562908375,9.7325714438352,5.00588315531932,15.0769190792957,3.33525777404064,14.6803048638417,6.57715940554786,7.63142639161118,12.016222055877,1.50751086250958,15.2131212426695,15.8443771684958,19.1092810166814,7.4682865086658,9.37541093317921,4.10401391881439,10.1110772837015,12.8245086086324,15.7761354568914,10.9677191667164,8.59439907186011,14.5937749572203,16.9198156537282,8.42134230022732,16.3975071443283,11.5813944132431,6.15599456027396,14.1087953385829,6.14512223094806,10.8317745342353,5.95732344782562,13.8805934907353,14.3989052772812,5.55921793166506,8.1538044116198,5.45326050594471,17.8207699821329
9.69518709428761,12.0402792322897,12.1871263147547,17.8002781398239,0,10.9920131584766,4.77956980715984,14.0851375463237,4.58989535595427,18.3213543799887,10.1501036408122,16.5122338292759,14.6645913749713,16.7557114870538,8.92280170142883,26.4473504247529,11.3011894701613,9.94502468571418,6.94300423107877,12.6887136139022,1.07173431554646,12.4062909543054,12.8255467557124,14.7255244483776,11.9022720588198,16.7525969426675,6.66409258451207,6.07173198008567,2.67217867018864,20.7034217513821,16.0913964549236,7.57205499077862,8.80557526518439,14.0980608301701,13.5619965923954,19.8631544524665,12.6044303289061,8.05393061014121,6.22590601959004,23.7151271630474,12.6546956307278,5.8046655905229,10.4568097063771,8.31622728173129,8.55565490581473,9.79580709776021,9.82693888894251,10.5032338379057,30.896587620382,11.5904232809883,13.6926870674255,12.9825233510686,23.7064298309748,12.7517566520957,7.00844644095302,8.80762660697697,11.7524256975471,11.6009518642114,4.54616650209247,3.65254195911212,10.1267410149933,9.59879022569985,11.7329311982868,22.5501321868676,14.8121113055409,16.1689048041341,6.91271670190116,20.5884044530205,5.61064600224353,12.4044310266095,10.9294949129815,7.09512902192004,14.2239324793493,11.0791262946255,10.0256890813149,5.76636283603484,12.3865528892435,1.93444482274875,1.55321272759995,18.7763088979852,12.2189596270581,9.20853057176626,11.0395928456061,15.7100126124139,12.6012720021065,8.34908764192098,12.1669911541749,11.4100285137046,10.0409800976269,12.4000558430135,5.60315300712049,10.5608630920319,13.7696680211557,14.0086290315643,22.4554271446171,20.6684986737493,15.6642513907052,4.11918721227886,14.5930245976559,9.34813530544642
10.101068277798,17.6586680003756,9.73222089328883,9.77403396546019,10.9920131584766,0,7.54130424774008,8.13337342513475,10.1143333499665,7.01266894426049,10.1062294392851,10.3224067639416,51.1063247788977,10.3443475167527,53.2603500633178,10.6370049723038,12.9753076136293,12.1370248988698,6.83029824445413,13.1226053781419,10.0661378232612,17.5368853680595,13.7906969189664,30.7545012282888,15.3131384474839,14.9943030573972,7.72256978662937,4.31351712637344,4.28365280410661,16.4813710485974,9.1071598187195,16.2637638768524,11.5811115599851,9.71713410253133,5.85614005711721,12.8227370438311,11.8875022909723,15.0804417118467,11.3735503631434,12.047863624978,6.66571396616211,15.8821394787252,10.8492349402934,5.49063113189122,26.0163773457724,6.14280158476971,49.9395019895149,14.8300547466208,15.4164915070222,5.67706715041733,7.53614193623982,7.85899273766325,10.3997281094084,11.2345443112887,14.2930067711431,8.48304742848733,14.6910432108708,16.2978114613977,10.9102892480853,4.6563116473628,16.6304453724929,8.99254771066965,4.24255135190714,7.20504061176948,2.25181115497799,10.0396005525229,12.2323834645014,15.7034396543231,4.41454335812584,5.11279691669558,6.23738375539715,6.57725213013371,6.93933532746272,7.66395432727755,9.27551642266712,10.0623663026201,4.59887482158856,17.0916835594539,18.3700796130591,11.5029769514788,8.72847161777848,22.7686161815602,13.4306678289993,10.6235861192468,11.9653053122844,11.3029294962078,14.7234181686381,5.59749931334815,7.30147555034082,12.0493092434116,9.37863763295671,38.3711065169122,14.4145381356966,12.4038781248117,9.99433135574006,8.55672278114594,30.8467925707819,10.1369406890021,10.3283574555259,9.27462887499852
7.89746052904905,8.29343130266962,10.3464481076319,9.76476047240747,4.77956980715984,7.54130424774008,0,10.7379832843517,3.3743599868881,8.65082834551336,8.26941370596112,8.359078070011,10.5528714718396,21.0401005596364,7.05594445174258,12.5178273797581,5.79625015975114,14.9112889148998,5.55199103543735,2.83503292641821,12.6717678373789,16.243919245965,15.0583455479518,5.55182835767408,5.46333431603952,16.0085406225021,7.38362044413221,8.79898088567995,8.90781848380104,21.9949389740652,24.5316054565553,11.6016596188092,9.55754931725825,11.0180843397538,2.9856059752853,23.57218901075,13.8923242017973,14.3803114945529,3.94631718732409,23.5315399490092,25.9654354379808,13.1319747466888,19.0806809965016,10.1638795059624,17.7804589793527,4.16460950337815,12.3583214825891,10.8307547770197,20.7098811605367,14.651879434273,11.4374103533791,11.7683243109209,13.5227640415207,15.27318648456,14.1001744982822,14.1796501132322,13.0310204050354,9.49096962850275,11.6709183675209,7.6117606693645,7.81014424130665,17.9202011998658,13.8109939270157,17.0958876929514,11.8448362863868,6.60242907107713,10.9687374769448,33.570777024242,10.9524504142085,3.15690941056291,15.0795966338067,5.91995720375079,12.9986365267072,5.70062413771146,13.9625283311357,10.0637612881049,14.1354461977497,5.97746682605103,13.074452786237,19.1119850991355,2.9858988153215,10.1060626941598,14.638793579035,11.5039786518513,10.5789282293717,6.4470951694476,13.4788803526049,14.0727447187464,13.2927437000364,21.1896630672217,9.90632035890493,9.25196667976931,35.0882995692581,10.7590149861059,16.8476263532724,21.034806132803,6.9711138196539,12.3105089444887,14.5895550377958,13.8734876494991
7.13775577805379,11.3380720473575,9.32178096021057,9.15655183828796,14.0851375463237,8.13337342513475,10.7379832843517,0,12.8542832409469,3.36266685887818,14.1064043155292,12.7922295755663,12.334652409204,11.1194650331635,10.2700715742781,9.69288344221818,10.2545786177754,11.1745863733033,13.10450117967,8.73066141449262,3.18312854282488,12.184253174181,9.7630456790771,9.15095795508245,12.2966450281782,4.36866838922328,16.2117853467735,8.3092403731091,9.19056555501239,11.517534033863,11.4169274435964,13.2069266018763,10.3919855262298,11.9837458898846,14.6199630681634,8.52253924499059,8.93289976644281,9.21695736356371,9.254884226912,15.0514889455296,8.82323541392007,17.8767017773362,3.34111055248152,7.45539594033652,14.8094252160425,10.095696298916,11.1848416738224,7.58741802500452,6.30602055496891,3.59446557158134,13.2048556916411,12.1323424623497,9.42070202649684,6.78730236206239,16.4518319972778,11.3758774551649,15.00860493107,10.2763759577064,5.9208488420802,15.0406400951592,7.78829654711081,14.284239471613,4.42055328814348,15.4022982821718,14.6364053440362,9.04217102676812,4.66489994222553,15.5756995504059,10.2469003789075,10.8272411430843,10.8129384855575,3.18816559377284,9.70439953833817,18.185442245105,8.78121172228577,6.93912719269612,8.79860490296821,18.3634063644427,9.67327006695488,16.4678890952226,11.8049745126399,5.80610597104862,5.9523543653289,10.6335430968283,6.50896046271513,9.28388977711732,11.2117766081789,5.49518581812235,7.92114019611005,8.2004511056169,9.54927096899974,9.55659126840871,12.2487923004971,10.6798110265142,13.4815899538846,15.9626277402621,11.942354935957,12.1770594080408,13.0123954078733,12.284015466102
15.6251835446256,8.79284821174564,11.9211942539145,6.3748552493179,4.58989535595427,10.1143333499665,3.3743599868881,12.8542832409469,0,8.20352205581593,5.20513213172215,6.53792465684239,15.7721380648403,9.52412817548814,2.76407417611069,2.12111163782229,3.44368863366278,14.9798871599121,15.7139869967745,8.61161772681412,11.300920235341,5.83469402608249,4.46909300747226,13.2630608865255,12.7896048784578,19.2355601553151,11.929412099105,17.3594572863672,8.68109601766383,9.98649783804509,10.1320984402296,9.49844815262611,4.73584919417376,0.663221257334463,5.61047299789585,5.66435792035628,14.4935684777392,6.44071119216271,10.5439101476797,8.11393424669234,6.62818188893312,8.70227688512219,14.6111753757534,12.4130772153608,13.6807247007067,6.73970515690852,10.0241169076317,12.5925677187929,5.22873548727278,5.65320541022414,8.68155614919867,5.74834656103546,9.07305772440144,8.47055514213041,13.1645409067881,11.3543966669847,1.82989513977047,9.42118690828006,14.8072175756011,14.2926334256463,12.4348243154948,7.40309403293715,15.7313242210652,12.1233160673691,10.791010045638,7.25863755065182,3.67711302734119,15.3717349748425,17.6048670712863,0.84783926063742,6.832378138543,10.5930195900086,4.20861770612846,10.4648315153765,7.17856433027386,5.33395084195141,6.68738106508748,15.4204657695817,8.30420399734281,10.0973066868895,6.38745575785748,17.0147766240144,9.17449928765929,12.6574995748169,9.1799299206094,12.7000752912715,10.2932679041605,4.21313317243433,9.88050271351439,9.77585050450832,16.1242280574213,0.683099828702397,14.7870991156075,13.8005486017187,7.03535064446899,6.65516104542364,11.3119298628504,4.63936142430835,2.72363058839542,12.819124008824
12.4512040071257,7.49780005302252,5.32616208251274,11.3570542630602,18.3213543799887,7.01266894426049,8.65082834551336,3.36266685887818,8.20352205581593,0,5.33110723237044,14.3492315861635,11.3021089848708,11.353642985749,7.61964484834531,8.99326554025066,11.0906223376732,5.77927387147589,8.46923013870697,8.23567647654628,13.3338174236183,6.85004251216984,11.2753176997236,10.0473218803793,14.6750446107906,16.8973178333854,10.5594792944769,5.23856764880366,11.2966361158397,7.82151780166814,0.108083792286688,14.2516035491488,9.95048602478265,9.88063655500347,6.09338487261439,5.54348408056447,4.76688222968806,16.0846900880918,7.41153727570119,8.78301293737264,17.407622421033,10.3252683242427,5.04524391419829,7.26144590106779,8.10356903666649,14.269482612543,9.95931134056282,9.08947859632771,3.78638071946111,9.44887094440647,13.2888864844319,5.79882418658488,3.96053816998398,11.2684637535779,11.6992920781823,7.73780930977694,2.93779379543076,12.442846452149,4.79085344830765,11.2375307132578,12.736223105645,9.26863590163974,14.6509071498686,0.945278491130711,9.59685928550628,12.6180042749489,4.21758040624643,12.1722824816683,10.8657504004022,6.58518551648188,7.79085218356732,11.4028985171629,4.77774839385872,11.3452746842455,9.2403343514547,5.32577374202387,13.0400018432633,15.6192847851065,4.1109290924161,3.34612198062142,8.72897933616686,13.3792466747643,9.01231197321026,4.9193016625186,7.41265494121688,14.8361721755829,9.55267610478732,9.80984510362524,11.5999778202893,2.98767188358711,13.8098662327928,3.30443463583649,1.5003783173328,6.35104632388187,13.748240795003,9.1830915929718,9.47090444435427,2.45866818452201,7.7305869468736,5.04774122612099
11.790544460502,13.6067191152581,12.2835712059056,6.61731420899161,10.1501036408122,10.1062294392851,8.26941370596112,14.1064043155292,5.20513213172215,5.33110723237044,0,5.59559145289549,8.12221264438298,14.5868667604901,19.8314785258425,17.8112451186553,9.16750900234668,17.5310330130227,3.05364196116868,8.46407777057003,4.60889000064736,16.2733267938461,6.52123139191269,6.642313847672,11.9096758825153,5.52918995049305,6.5100623253559,10.026064579747,12.2694585396406,14.405259856142,13.2618222959679,5.05009030624076,14.4445759340184,13.868112589983,12.8869454733144,15.6188946171808,10.5984445871235,1.64033366240808,10.3629436753901,2.86175791089016,15.2710960701024,10.8884302412086,7.80754365024232,18.6824944710533,0.408363906081057,12.4335053861027,9.23098535509492,6.15520323547749,12.46475307676,5.30105662694478,10.936707398271,13.7026225079392,7.62300445568184,14.2284568863483,10.4908184453259,7.51714575487033,13.206378781709,9.22412664277156,11.1086246555396,8.01895643926736,13.2494559301059,10.1208078156518,9.40896851574376,9.23568002849685,9.8808163485255,3.06332751695733,15.2365130930647,4.77871748204836,12.3677390028681,3.83923331686844,19.3663040618843,5.82333047208441,7.11613800011155,18.0940352781167,9.0645496487523,8.75301797199537,8.32039949812805,3.04248571591052,11.535592732557,12.3525879302572,3.06302148464077,11.5868659050685,9.87512130020021,9.92306404575002,10.9063205096184,9.64526743624571,6.13075413272124,14.6943566605051,2.56643544501917,13.9506922558045,15.5316171499612,5.512200954827,7.5627004821156,9.49003869626538,14.3216765127625,12.6912663876868,2.84863463672596,5.58645672082717,5.78932854461796,7.73355878840646
6.30311170663739,5.65175370620334,12.8911054652342,8.68897951473863,16.5122338292759,10.3224067639416,8.359078070011,12.7922295755663,6.53792465684239,14.3492315861635,5.59559145289549,0,10.9261412471501,10.5740738793019,12.1543589491216,9.80335465041568,16.6068801860606,11.7876042538326,17.3838898282341,9.47196978028785,12.1366342326269,9.91629045729584,18.1925131647655,9.03086233532956,9.80567508532756,8.79125955643454,16.4093809863127,14.4788773954405,9.81247262513135,6.0401863234208,2.29437285962918,9.26942843049295,15.0769813949384,11.535126222179,4.98284543493289,8.09418783995848,4.85529082502101,9.89503464424732,4.0104018009906,6.90284571884846,5.10337677092204,1.97390857464906,6.8399713819411,7.15631516312823,17.9952452352,0.186230366714701,6.05716017956017,12.5970799692548,15.0482565463292,16.9908956154427,17.3839642091884,5.64091678763131,10.318190055423,12.211455661464,16.2146321231305,13.4695482240813,8.23873869756507,9.18378307503943,11.127120725662,12.1744872591405,4.52416905235916,9.97479514619168,10.4247871370991,12.2335428935694,8.3666262995171,4.50588097418831,6.91651612260275,9.32512450381724,8.96141091993959,0.167247910287216,12.4366149245238,5.1350811920519,7.79813831221843,9.81674954980092,7.49184942990869,13.7106987774379,10.3233735074186,15.8559519599237,9.46354918058792,2.5047065063645,3.09570771964181,7.67369658659768,9.04432507411323,17.0303432695374,9.09707588114981,8.30821527692869,9.0842820027544,11.7694057213323,7.19753237824737,10.8063529496846,4.63997791272472,7.7970953462933,5.93016087861929,9.32004372879607,10.1146554530033,10.624393138235,10.2647138011724,15.4419299300802,12.2680096109467,1.41001587076153
9.57062711275427,14.7838535710015,12.8669793220675,11.0416588824122,14.6645913749713,51.1063247788977,10.5528714718396,12.334652409204,15.7721380648403,11.3021089848708,8.12221264438298,10.9261412471501,0,7.98115158360755,28.0129625641797,7.13729021300517,7.0404441361055,8.37811281893913,4.77548392704078,5.68400246510802,14.9025930991149,5.54363596384308,11.6418795056943,57.6022641565201,11.7663353450217,1.73686883299132,8.09140109471394,8.28327927638292,18.0135574666243,11.415753527061,5.45412716147372,10.4408857251101,6.1004205869041,14.7720956316279,1.13688110872367,15.3021663805288,5.15010059493729,4.768028565287,11.1197222385082,12.2351085018163,4.15179193938561,9.3199080038348,12.9210569283076,5.50899205541948,34.1356854575239,18.6847017136444,55.7056859002261,13.6961639764249,10.8872143245574,17.5975727691873,3.81861047431333,14.8478401811581,11.5313726305671,7.14496000575916,14.1308641962877,18.4000656090633,8.53157847753798,0.986013238616443,15.7266232524845,7.09288555688814,9.20444437977611,18.7384532391302,14.4588526389359,11.7785611192643,8.25487767376103,14.6681238555154,6.57667845997937,8.4500450275966,11.2990260011074,8.86413198727518,7.97745603401809,13.0560067745152,6.82367327194023,9.45851045928123,13.7065861129289,3.80553278622772,9.28312095130985,11.2084333730051,40.0407565754004,14.2336238744962,6.06887910198493,21.6902202829842,12.5053996944885,6.23899535080748,11.7704584355193,12.9466256880755,6.22630064943676,6.61729608107791,14.7813497632321,10.4519907009396,8.13382572686285,24.7627886131108,13.0919684593485,15.531717145791,6.24220883657478,7.76903763971236,55.1465225620834,16.2769784439105,10.2235353814456,12.0706179445285
9.570609207135,11.2999725254729,4.2683429765835,10.7680214124181,16.7557114870538,10.3443475167527,21.0401005596364,11.1194650331635,9.52412817548814,11.353642985749,14.5868667604901,10.5740738793019,7.98115158360755,0,17.6400747099336,33.9895611240018,2.7664394097013,13.4439283429706,37.2497801107411,6.8470602946001,10.0982443110023,9.20637651543573,3.57917016146538,10.1838712294562,5.58466261781482,13.4271966840335,9.05470105786977,8.00685007503223,13.2637893499763,26.6981783662937,22.957015282477,10.1874871032333,5.41220982239077,10.3070395982486,7.47016523020048,24.3259648369805,18.1402178987882,11.453348976533,12.853124967444,22.7838850809163,5.06833234945656,9.88317416483116,7.68062553446091,15.6770409156351,9.09392653311605,10.3384794421007,9.85936866429812,8.58515524038501,24.2649169301221,8.50988999923644,5.74649822806259,15.1371711582591,30.279701765526,15.1036360609226,9.86740615918621,3.06371272902947,9.10253566407184,9.76943966901753,4.75439972190107,12.649065919785,13.892716992106,17.9248668190994,11.9910466683818,12.0402867576625,7.87375818030758,8.8702480691137,15.2150650174184,17.8555588994846,12.0081186619852,13.8911060721909,13.6775933297681,8.91081755578876,7.80896267773959,6.66361125455832,5.06173983875217,11.0763195571321,4.0748319366068,11.8401005906412,14.0218944923898,17.3962431629172,15.0653402234112,4.93913802620303,9.66184219654618,7.03229832559562,7.86293296892575,12.0658980705517,6.47356641908366,9.730041610648,8.12425413292953,24.5710983996266,7.17910816686883,12.0411590172917,21.4618268020906,8.69998131984762,30.4724632450448,19.6162435562805,11.6442992074405,7.46162186018506,10.4815463700433,7.80183596043216
12.0987960254659,12.122654200513,10.5562055234851,9.89467401312772,8.92280170142883,53.2603500633178,7.05594445174258,10.2700715742781,2.76407417611069,7.61964484834531,19.8314785258425,12.1543589491216,28.0129625641797,17.6400747099336,0,10.7588703359372,13.4174832093611,8.2035978205831,8.32028185008768,9.03899737026104,10.1691183036077,12.1888008140257,6.36417463883571,32.3137497883668,5.53112206452205,9.5888973181456,6.46309901471353,8.38042043146823,16.3966793248088,9.04855274089478,11.8200217675583,15.1632408200502,8.52653651859238,6.70806093678779,6.95856989648374,9.22721897945169,7.94046925651546,2.01821886824465,17.2982448580402,16.4262777168214,7.31362632174092,6.85005008748796,12.7381651563872,6.83831151919245,19.5827908850458,9.48981757681705,42.7741818876099,10.493078517705,8.55611621211899,9.36996579694851,13.2151929258829,7.4189213864757,14.2960827218281,17.1927424788037,12.5155248254305,13.8650071646368,6.66314598627191,4.07634626314159,14.0491805492431,3.73396829963586,15.2915472399548,10.0362920546465,7.74467377492857,13.787854489945,13.7210543391509,8.8035126764766,3.56244552568736,12.6310828693473,5.9093013158497,8.20195667037,15.0245956716774,8.73303715322869,5.44972677543352,7.92874784073591,7.42509516895872,8.9914355276896,10.5077526262269,14.1215353305399,27.1186768622916,13.2392682565237,7.72244559354201,28.5737324542842,5.91381659161741,11.371207222418,11.6511231179686,9.30668702711907,6.82852871874061,10.5858471794796,13.0382754010528,5.23721389269504,12.3226405705204,9.55720011371228,13.0506062154795,8.7670865284918,13.9261321124228,8.06832340105479,52.1514591556236,8.97112499829835,11.9792025283922,12.2074440436873
16.9150180401687,5.39819180459432,2.69256585727961,10.1122542994662,26.4473504247529,10.6370049723038,12.5178273797581,9.69288344221818,2.12111163782229,8.99326554025066,17.8112451186553,9.80335465041568,7.13729021300517,33.9895611240018,10.7588703359372,0,14.3224264590287,8.86392286513097,23.1282926493236,14.7123217787117,15.0188653799323,9.43923323017071,17.2517148348806,17.0881889763505,2.60081052956181,10.7382110222722,13.3779631966028,9.92461254017725,17.0810654346406,19.1591264969618,16.8763345351211,14.7018225496297,10.4741760620699,6.79581933627864,12.5191741169346,21.0352358517407,5.11685527565097,15.9132788875637,6.90724451077763,22.2790924042052,32.7060046382787,13.888078227449,15.4953459884152,7.1479146818929,5.84053035024521,7.32291808169529,10.6227953640146,15.6709917094772,11.1991939725015,13.2090143854418,9.79084941508147,8.48163436620578,20.819554819586,8.37696951780029,3.9925644974368,6.36247525900274,7.65372715044633,3.63342225105631,13.6729781400258,7.48910462725311,15.3081956124531,9.60385840226089,9.11165014985051,16.0314883266235,2.18219342689642,9.59981843673235,13.5846897666001,27.3053828934452,4.206628291532,14.1542284518174,11.2227551724476,9.91820170651814,13.9638231107299,12.2769497168485,8.31705700882322,13.8676674173256,8.67413151526548,9.70332478261172,17.1373230653508,9.90406679266254,5.63802146189716,16.059202523865,11.9587743373405,9.98138555569174,5.91311289483363,4.72251324874356,3.45615383213724,19.4983468798263,12.169914570748,11.0357899079507,5.37917148552173,11.4416873679061,16.5326378836392,4.32707472327145,20.3138907245707,34.8059565789664,16.8230991174732,16.6379437301532,12.0752133277267,8.17115329391717
17.7623323019397,10.1376610585045,15.7042389435325,10.396758134798,11.3011894701613,12.9753076136293,5.79625015975114,10.2545786177754,3.44368863366278,11.0906223376732,9.16750900234668,16.6068801860606,7.0404441361055,2.7664394097013,13.4174832093611,14.3224264590287,0,2.37093209557694,7.30258453473881,6.97171054587082,9.75464368517119,5.10219699322882,5.30375788958472,13.9128836103228,4.79001422744533,2.99924945840772,11.6015830755477,3.74442132338026,12.8439946424411,5.31759675683544,13.3494745378891,8.77946289193316,9.75882476251516,15.2123212025594,12.2058794994708,6.20384475889911,6.43403734627674,10.5974376957633,3.77938072660484,8.01909123481777,7.25663678560514,14.1141621753561,14.3669001797033,5.46999557572444,11.2680871361318,7.43350529640373,8.03299051749718,10.0628207000461,3.51517850159627,8.72404071306689,15.8409015415749,10.2869512387407,11.6577551976,6.70089195446098,4.66621733479083,15.2703179137455,8.70567485710433,6.87197039639946,7.80752586908966,12.7412755769453,10.7430922607278,9.53041816554065,9.56195114962691,14.6555623276774,2.88857888838339,9.0154790436856,11.1382546959629,10.3400456771607,14.9366575050936,9.5363503483132,7.39655075605656,7.20992309378428,11.0614644142631,12.8193148138614,13.7301398065132,10.5363509312099,11.126616771357,8.89196518011998,9.97517604391482,8.8580562064232,17.5716492276634,7.03394044268831,5.19078930934111,2.46218875766951,9.6799391582551,13.1727073324639,14.3362580439205,14.6973441684082,9.03318670351887,6.94750823614184,16.4883835688489,5.9286223303713,11.35664551648,9.28134759497353,13.9188112104743,11.0951560500698,14.282582985891,9.06853230080759,6.73675392751028,6.17831622486856
10.0725184422285,10.1270404774167,17.0832529081536,3.18709127696323,9.94502468571418,12.1370248988698,14.9112889148998,11.1745863733033,14.9798871599121,5.77927387147589,17.5310330130227,11.7876042538326,8.37811281893913,13.4439283429706,8.2035978205831,8.86392286513097,2.37093209557694,0,17.6486564589416,10.6228531398759,4.72738279531872,9.69078517054412,8.95469524749825,16.6522183819675,5.15172408162846,6.57389000026609,4.9047185692004,15.1173640550214,12.6008380586308,5.376077572249,4.48872843434156,15.6221059761216,11.5473251562784,13.6714098912804,14.0896439691701,12.9454522365042,11.4656277100307,16.5977439244322,6.23470932475497,1.72909046216815,7.68073636673145,9.66406288187787,6.6568289362408,11.8437422596307,10.4364427789323,8.74324711961713,7.86914101466845,7.82002134825427,1.09729254931159,3.1631892269519,7.92336957164565,8.31767284510961,9.98821541422821,3.73960561245586,1.54535612145236,18.9134431094335,16.2726763426419,15.1479851238207,8.46894308887219,15.8643945188388,8.15179719487716,10.291191913536,12.189947986253,15.0774766885408,11.6215846994947,10.5042538688316,9.19149991957497,8.62824305758453,15.2332884594835,15.4160665351089,10.9521757937195,4.2390772194908,11.2839290489284,8.85343088394637,10.4457883719058,10.5107968667815,15.2268620110273,7.68515184345273,3.35248619520261,7.94115075015977,5.44891093046379,8.70877618309958,5.07168049163308,3.76434738700341,12.8154893272812,0.768621350720821,9.4232390256165,12.6088833385562,11.3161326799525,5.57519909414101,19.1658017874238,4.88253923698111,9.57320944191033,10.6603818095968,6.7082219742156,14.1698776520614,11.5258682920469,9.99750515276625,11.3076247833246,12.1612658382854
10.1783231096897,12.5170437845168,12.1555245338888,8.37987112044116,6.94300423107877,6.83029824445413,5.55199103543735,13.10450117967,15.7139869967745,8.46923013870697,3.05364196116868,17.3838898282341,4.77548392704078,37.2497801107411,8.32028185008768,23.1282926493236,7.30258453473881,17.6486564589416,0,14.4233141319927,10.5607511978805,17.6180608811813,14.6172537486548,12.0405619593751,10.8498208088141,6.74317373819619,5.07069318892783,2.38718353029534,3.34078047518664,15.3498020770924,16.0834609528151,4.73187699162385,10.7010886320215,4.43806736932808,8.38778917743871,16.6114476599609,16.484571484048,10.4405954086165,8.27055981413811,16.0788098349437,28.4481403947376,17.754406817494,12.1974693224661,1.38823146866448,8.10119739236239,15.8141264274326,12.0918239166762,3.61781606321128,32.3284931208822,6.11509172664836,8.23362328191425,13.0446373364176,17.4105013620138,5.66634522114937,12.7427007994144,5.18257678725343,8.8214811075199,11.4464009344164,17.4940134377855,11.2043280974017,13.569951409328,15.7227056817133,7.64232901234292,17.1564973799582,12.4582749018485,13.8962869867369,3.66740716831606,35.4917887958174,7.94519950462214,1.03426182694722,10.5817220322886,14.2221145122534,2.31503123963671,10.8056117117925,13.0940833182662,11.3598867628816,2.56209181927975,4.84462537382936,5.72896963952299,13.4675022329769,6.17268091714908,12.9761866517594,6.8126405529491,8.56727537127226,7.51694290416285,11.9852139630195,5.653521155212,14.313203825267,10.6227912828513,25.7845595288177,9.12514158914109,10.2814153189811,15.6528781416944,9.63403839375342,15.2688688031133,21.9037874627723,18.4963403267059,8.3822670584504,9.68964681658211,13.6210462694514
6.82132906462134,9.58626485744331,7.61594322810963,10.0310779846249,12.6887136139022,13.1226053781419,2.83503292641821,8.73066141449262,8.61161772681412,8.23567647654628,8.46407777057003,9.47196978028785,5.68400246510802,6.8470602946001,9.03899737026104,14.7123217787117,6.97171054587082,10.6228531398759,14.4233141319927,0,6.31930231475526,9.27296140448039,8.96895619749601,7.49185965490537,11.0061261925782,4.01641336492689,16.2903867976491,6.10399553283104,11.0800689641205,6.70850707654668,12.3294249765335,16.0979193111571,9.39837665322202,10.498881864427,3.85848083539335,4.72444398894905,17.7436045829799,12.9209986898131,12.4632563559684,7.91517648369752,12.1775794807077,7.42494740236458,15.655854633311,13.4101977996136,12.4559711915054,11.9997404088484,9.15507543392271,6.04053859222916,8.62745932966359,4.3319616483401,5.96172919790714,6.13587175459479,9.93787213055675,7.79853492341752,8.84195035738617,4.64922930584668,16.0526942839641,3.95953886515936,11.3625943425418,8.69970738658805,8.32535468425975,9.07031714790477,9.30868069998154,8.00467287105933,12.6603749301464,1.90177077487739,10.5874062710184,4.43737542515914,6.80407244552179,11.4924961263274,5.32477329329014,13.4726135177906,10.7182699040222,13.2006632704225,9.270588083162,4.94090265388255,11.7336081945217,10.8943883228668,8.89899561922215,9.60240929768681,12.6029187860049,5.10895620311591,15.4486443213019,12.5909396807001,11.236081951381,12.382620221993,15.6604265173067,15.1444084467285,3.9120342418502,15.9726758275241,15.4459613479025,6.5559953241428,9.73893767680572,10.345845156852,12.747700534659,11.5549466157788,9.62668921285179,8.51776831684558,15.4050252726563,8.38823793005477
9.11738438604083,1.8123720225046,10.3865154383611,2.78378566485596,1.07173431554646,10.0661378232612,12.6717678373789,3.18312854282488,11.300920235341,13.3338174236183,4.60889000064736,12.1366342326269,14.9025930991149,10.0982443110023,10.1691183036077,15.0188653799323,9.75464368517119,4.72738279531872,10.5607511978805,6.31930231475526,0,15.6416579745937,7.54570695943212,7.80766366911641,5.59553520859554,12.8172079284985,9.63709678971334,3.64068110264497,2.05359020482313,7.18932110608858,8.42684505841608,9.6669742152464,12.2778703490075,10.711374075076,9.37188483315847,4.09885157386974,7.76759391714625,14.9914284534436,8.87631506096757,14.4713784136917,12.5118952942692,4.74758905968504,6.40677198587362,1.35578022760753,10.9323640821455,16.2490251121436,17.2743849089191,6.20582488794544,9.66654794853901,11.5217401937975,7.33681319340567,9.20349623092494,10.5474157112305,7.29218434898575,7.73997537141661,8.77074578097595,11.5771533667467,7.98599835956197,15.6289190296559,10.2824833354612,4.58990354959759,10.803457411901,4.40539314564694,16.4005628816791,12.3194640851138,12.0894810233377,9.69820435659908,12.307156228707,10.4889409207188,10.1420461015071,10.0546183836823,12.4293424884658,10.3654369326698,9.62862670732742,14.339228476635,11.3294670648418,11.1382927445368,7.62368427455676,11.5142285267278,7.15130852617433,5.70791140118936,3.79492623466749,5.25802095156257,7.72229329394922,14.1547958235373,7.42302092578377,1.59441516947324,10.3501854758221,6.34011397438379,15.3584004057122,9.89112324003104,14.8640382367422,10.3917074608944,9.17007956387252,7.52453921929009,16.5203083765588,16.3600494998149,6.85503070481028,11.2351390473192,13.3232441560316
15.7753661654211,11.8576794527589,9.33144110721816,6.70822180986625,12.4062909543054,17.5368853680595,16.243919245965,12.184253174181,5.83469402608249,6.85004251216984,16.2733267938461,9.91629045729584,5.54363596384308,9.20637651543573,12.1888008140257,9.43923323017071,5.10219699322882,9.69078517054412,17.6180608811813,9.27296140448039,15.6416579745937,0,13.7851090734963,10.5283239280997,3.73044924173905,10.265860711449,11.1417292474794,13.4901024085429,7.86477164599159,20.7471183389354,18.5845131167438,7.14982863824022,18.6834616078565,10.8492841201436,10.0804137696317,22.0241526965323,10.2378537621094,4.77974961870329,4.6661431641583,23.978168265515,12.5972932137196,9.58879297093793,8.7328483016469,5.49381278964357,4.40595121818596,10.3517062092471,16.112332404418,12.4413650105509,19.8665253012917,9.75653957957527,8.64109593669612,6.28757691029886,0.846755888016519,14.3705703388657,10.9864316210248,8.52470096835073,14.1026538900297,1.70539315100026,7.19016330373637,5.15991706375376,11.158279275063,8.13071285245046,11.4864400855577,20.0946442692568,5.26645783749676,15.5996304250168,7.61945151463052,3.25043880740215,14.418526657707,14.0777456643964,10.3804692767817,6.39291613120022,7.93009970599674,9.07561953319351,3.11106398751842,12.2947574016142,14.2548362660962,6.04392379800982,19.3358829715769,8.49046919064322,11.9956188557545,13.2391063902143,11.499973478697,14.6416134330208,7.76124504186878,13.7128963004861,7.31512182695339,17.9446733951834,18.1971396814948,18.7378554595322,0.909943699651686,13.3526744074357,4.03387606400416,15.7546054059694,6.70262712229373,34.932798847601,7.16585979265319,8.96808698019148,9.24963402024251,10.2093504108862
6.36502424988405,3.07662504699825,9.15408884528344,7.50333910572153,12.8255467557124,13.7906969189664,15.0583455479518,9.7630456790771,4.46909300747226,11.2753176997236,6.52123139191269,18.1925131647655,11.6418795056943,3.57917016146538,6.36417463883571,17.2517148348806,5.30375788958472,8.95469524749825,14.6172537486548,8.96895619749601,7.54570695943212,13.7851090734963,0,3.22566773249018,11.5288181256875,6.66274922219011,9.65847268033916,13.1398546180205,14.5693072260612,5.4259866245206,9.67088158107975,10.4729914178088,13.1967924778675,2.72055939294635,18.5879305880837,15.4265889337879,10.1850376997491,2.13079030443099,12.9632245031848,9.52952326568884,13.0964706503947,8.77250098817487,9.54070538953768,10.0531628304015,13.1606822168451,14.2272976355646,10.8639882073575,3.76491189968177,9.99369123214144,10.3952630323437,11.0594791944606,6.53319686812915,1.73668313731932,13.4361955430684,13.6104440582378,8.19858773354945,12.327517144838,12.790968713226,8.22044496561279,10.740912198388,14.5313894777158,5.29813946826102,11.3733517576622,8.47102392666024,6.49204879430824,6.3618754901132,4.73425398056036,12.5567880234958,6.23998327671845,10.7169069055179,12.361362231851,9.89477900953569,17.3603166113344,9.32697936073667,3.23838110310415,16.5925532438585,3.24796215192022,10.3550151580469,15.8332608120083,8.59647732594905,9.90339254977908,4.22807567328064,4.61091371534927,14.0328651611497,16.5292316474271,18.1175295139643,9.83087372192202,10.2552403327674,7.88535560284459,9.27042533791842,17.3083367965985,9.24623205743485,7.49323922825503,9.03815459447693,9.22498426650053,9.05538618926018,14.5013629455174,13.2857803417099,13.7860043442608,8.11843179486761
